0.000000	1.000000
1.040030	2.000000
1.080220	3.000000
1.080390	4.000000
1.120400	5.000000
1.120570	6.000000
1.120740	7.000000
1.120910	8.000000
1.160590	9.000000
1.160760	10.000000
1.160930	11.000000
1.161100	12.000000
1.161270	13.000000
1.161440	14.000000
1.161610	15.000000
1.161780	16.000000
1.200780	17.000000
1.200950	18.000000
1.201120	19.000000
1.201290	20.000000
1.201460	20.050000
1.201630	20.100000
1.201800	20.150000
1.201970	20.199000
1.202140	20.249000
1.202310	20.298000
1.202480	20.347000
1.202650	20.397000
1.202820	20.446000
1.202990	20.494000
1.203160	20.543000
1.203330	20.592000
1.240960	20.641000
1.241130	20.689000
1.241300	20.737000
1.241470	20.786000
1.241650	20.834000
1.241820	20.882000
1.241990	20.930000
1.242160	20.977000
1.242330	21.025000
1.242500	21.073000
1.242670	21.120000
1.242840	21.167000
1.243010	21.215000
1.243180	21.262000
1.243350	21.309000
1.243520	21.356000
1.243690	21.403000
1.243860	21.449000
1.244030	21.496000
1.244200	21.542000
1.281150	21.589000
1.281320	21.635000
1.281490	21.681000
1.281660	21.727000
1.281830	21.773000
1.282000	21.819000
1.282170	21.865000
1.282340	21.911000
1.282510	21.957000
1.282680	22.002000
1.282860	22.048000
1.283030	22.093000
1.283200	22.138000
1.283370	22.183000
1.283540	22.228000
1.283710	22.273000
1.283880	22.318000
1.284050	22.363000
1.284220	22.408000
1.284390	22.453000
1.321340	22.497000
1.321510	22.542000
1.321680	22.586000
1.321850	22.630000
1.322020	22.674000
1.322190	22.718000
1.322360	22.762000
1.322530	22.806000
1.322700	22.850000
1.322870	22.894000
1.323040	22.938000
1.323210	22.981000
1.323380	23.025000
1.323550	23.068000
1.323720	23.112000
1.323900	23.155000
1.324070	23.198000
1.324240	23.241000
1.324410	23.284000
1.324580	23.327000
1.361520	23.370000
1.361690	23.413000
1.361860	23.455000
1.362040	23.498000
1.362210	23.541000
1.362380	23.583000
1.362550	23.626000
1.362720	23.668000
1.362890	23.710000
1.363060	23.752000
1.363230	23.794000
1.363400	23.836000
1.363570	23.878000
1.363740	23.920000
1.363910	23.962000
1.364080	24.004000
1.364250	24.045000
1.364420	24.087000
1.364590	24.129000
1.364760	24.170000
1.401710	24.211000
1.401880	24.253000
1.402050	24.294000
1.402220	24.335000
1.402390	24.376000
1.402560	24.417000
1.402730	24.458000
1.402900	24.499000
1.403070	24.540000
1.403250	24.581000
1.403420	24.621000
1.403590	24.662000
1.403760	24.702000
1.403930	24.743000
1.404100	24.783000
1.404270	24.824000
1.404440	24.864000
1.404610	24.904000
1.404780	24.944000
1.404950	24.984000
1.441900	25.024000
1.442070	25.064000
1.442240	25.104000
1.442410	25.144000
1.442580	25.184000
1.442750	25.224000
1.442920	25.263000
1.443090	25.303000
1.443260	25.342000
1.443430	25.382000
1.443600	25.421000
1.443770	25.461000
1.443940	25.500000
1.444110	25.539000
1.444290	25.578000
1.444460	25.617000
1.444630	25.656000
1.444800	25.695000
1.444970	25.734000
1.445140	25.773000
1.482080	25.812000
1.482250	25.851000
1.482430	25.889000
1.482600	25.928000
1.482770	25.967000
1.482940	26.005000
1.483110	26.044000
1.483280	26.082000
1.483450	26.120000
1.483620	26.159000
1.483790	26.197000
1.483960	26.235000
1.484130	26.273000
1.484300	26.311000
1.484470	26.349000
1.484640	26.387000
1.484810	26.425000
1.484980	26.463000
1.485150	26.501000
1.485320	26.538000
1.522270	26.576000
1.522440	26.614000
1.522610	26.651000
1.522780	26.689000
1.522950	26.726000
1.523120	26.764000
1.523290	26.801000
1.523460	26.838000
1.523640	26.876000
1.523810	26.913000
1.523980	26.950000
1.524150	26.987000
1.524320	27.024000
1.524490	27.061000
1.524660	27.098000
1.524830	27.135000
1.525000	27.172000
1.525170	27.209000
1.525340	27.245000
1.525510	27.282000
1.562460	27.319000
1.562630	27.355000
1.562800	27.392000
1.562970	27.428000
1.563140	27.465000
1.563310	27.501000
1.563480	27.538000
1.563650	27.574000
1.563820	27.610000
1.563990	27.646000
1.564160	27.683000
1.564330	27.719000
1.564500	27.755000
1.564680	27.791000
1.564850	27.827000
1.565020	27.863000
1.565190	27.899000
1.565360	27.934000
1.565530	27.970000
1.565700	28.006000
1.602640	28.042000
1.602820	28.077000
1.602990	28.113000
1.603160	28.149000
1.603330	28.184000
1.603500	28.220000
1.603670	28.255000
1.603840	28.290000
1.604010	28.326000
1.604180	28.361000
1.604350	28.396000
1.604520	28.432000
1.604690	28.467000
1.604860	28.502000
1.605030	28.537000
1.605200	28.572000
1.605370	28.607000
1.605540	28.642000
1.605710	28.677000
1.605890	28.712000
1.642830	28.747000
1.643000	28.781000
1.643170	28.816000
1.643340	28.851000
1.643510	28.885000
1.643680	28.920000
1.643860	28.955000
1.644030	28.989000
1.644200	29.024000
1.644370	29.058000
1.644540	29.093000
1.644710	29.127000
1.644880	29.161000
1.645050	29.196000
1.645220	29.230000
1.645390	29.264000
1.645560	29.298000
1.645730	29.332000
1.645900	29.366000
1.646070	29.400000
1.683020	29.434000
1.683190	29.468000
1.683360	29.502000
1.683530	29.536000
1.683700	29.570000
1.683870	29.604000
1.684040	29.638000
1.684210	29.671000
1.684380	29.705000
1.684550	29.739000
1.684720	29.772000
1.684890	29.806000
1.685070	29.840000
1.685240	29.873000
1.685410	29.907000
1.685580	29.940000
1.685750	29.973000
1.685920	30.007000
1.686090	30.040000
1.686260	30.073000
1.723210	30.107000
1.723380	30.140000
1.723550	30.173000
1.723720	30.206000
1.723890	30.239000
1.724060	30.272000
1.724230	30.305000
1.724400	30.338000
1.724570	30.371000
1.724740	30.404000
1.724910	30.437000
1.725080	30.470000
1.725250	30.503000
1.725420	30.536000
1.725590	30.568000
1.725760	30.601000
1.725930	30.634000
1.726100	30.666000
1.726280	30.699000
1.726450	30.732000
1.763390	30.764000
1.763560	30.797000
1.763730	30.829000
1.763900	30.862000
1.764070	30.894000
1.764250	30.926000
1.764420	30.959000
1.764590	30.991000
1.764760	31.023000
1.764930	31.055000
1.765100	31.088000
1.765270	31.120000
1.765440	31.152000
1.765610	31.184000
1.765780	31.216000
1.765950	31.248000
1.766120	31.280000
1.766290	31.312000
1.766460	31.344000
1.766630	31.376000
1.803580	31.408000
1.803750	31.440000
1.803920	31.471000
1.804090	31.503000
1.804260	31.535000
1.804430	31.567000
1.804600	31.598000
1.804770	31.630000
1.804940	31.662000
1.805110	31.693000
1.805280	31.725000
1.805460	31.756000
1.805630	31.788000
1.805800	31.819000
1.805970	31.851000
1.806140	31.882000
1.806310	31.913000
1.806480	31.945000
1.806650	31.976000
1.806820	32.007000
1.843770	32.039000
1.843940	32.070000
1.844110	32.101000
1.844280	32.132000
1.844450	32.163000
1.844620	32.194000
1.844790	32.225000
1.844960	32.256000
1.845130	32.287000
1.845300	32.318000
1.845470	32.349000
1.845640	32.380000
1.845810	32.411000
1.845980	32.442000
1.846150	32.473000
1.846320	32.504000
1.846500	32.534000
1.846670	32.565000
1.846840	32.596000
1.847010	32.627000
1.883950	32.657000
1.884120	32.688000
1.884290	32.718000
1.884460	32.749000
1.884640	32.779000
1.884810	32.810000
1.884980	32.840000
1.885150	32.871000
1.885320	32.901000
1.885490	32.932000
1.885660	32.962000
1.885830	32.992000
1.886000	33.023000
1.886170	33.053000
1.886340	33.083000
1.886510	33.114000
1.886680	33.144000
1.886850	33.174000
1.887020	33.204000
1.887190	33.234000
1.924140	33.264000
1.924310	33.294000
1.924480	33.324000
1.924650	33.354000
1.924820	33.384000
1.924990	33.414000
1.925160	33.444000
1.925330	33.474000
1.925500	33.504000
1.925670	33.534000
1.925850	33.564000
1.926020	33.593000
1.926190	33.623000
1.926360	33.653000
1.926530	33.683000
1.926700	33.712000
1.926870	33.742000
1.927040	33.772000
1.927210	33.801000
1.927380	33.831000
1.964330	33.860000
1.964500	33.890000
1.964670	33.919000
1.964840	33.949000
1.965010	33.978000
1.965180	34.008000
1.965350	34.037000
1.965520	34.067000
1.965690	34.096000
1.965860	34.125000
1.966030	34.155000
1.966200	34.184000
1.966370	34.213000
1.966540	34.242000
1.966710	34.272000
1.966890	34.301000
1.967060	34.330000
1.967230	34.359000
1.967400	34.388000
1.967570	34.417000
2.004510	34.446000
2.004680	34.475000
2.004850	34.504000
2.005030	34.533000
2.005200	34.562000
2.005370	34.591000
2.005540	34.620000
2.005710	34.649000
2.005880	34.678000
2.006050	34.707000
2.006220	34.735000
2.006390	34.764000
2.006560	34.793000
2.006730	34.822000
2.006900	34.850000
2.007070	34.879000
2.007240	34.908000
2.007410	34.936000
2.007580	34.965000
2.007750	34.994000
2.207750	1.000000
